﻿12.06.2020 00:00:00;AAL(Lot:14889.39 Maliyet:0.597741), AK2(Lot:2539.17 Maliyet:0.236298), AKE(Lot:8920.77 Maliyet:0.056049), ;-0;10000
15.06.2020 00:00:00;AAL(Lot:836.48 Maliyet:0.597741), ACC(Lot:225.37 Maliyet:2.218562), ACY(Lot:1165.59 Maliyet:1.71587), AED(Lot:61132.17 Maliyet:0.008179), AES(Lot:132943.37 Maliyet:0.007522), AHI(Lot:339.06 Maliyet:1.474682), ASA(Lot:19429.55 Maliyet:0.102936), GBC(Lot:59236.44 Maliyet:0.033763), GMR(Lot:7202.12 Maliyet:0.069424), KTV(Lot:335.43 Maliyet:1.490606), ;0;10000
16.06.2020 00:00:00;AAL(Lot:3369.87 Maliyet:0.597845), AAV(Lot:15687.06 Maliyet:0.032107), AED(Lot:61310.35 Maliyet:0.008215), AES(Lot:65555.71 Maliyet:0.007683), ASA(Lot:19571.95 Maliyet:0.102936), AYA(Lot:2805.95 Maliyet:0.179499), DBA(Lot:43280.37 Maliyet:0.046549), FYD(Lot:945.01 Maliyet:0.532971), GMR(Lot:7142.86 Maliyet:0.070513), KTV(Lot:675.69 Maliyet:1.490822), ;73.29;10073.29
20.06.2020 00:00:00;AAV(Lot:15568.76 Maliyet:0.032488), ACC(Lot:895.07 Maliyet:2.26038), ACK(Lot:11058.11 Maliyet:0.04574), AHI(Lot:336.46 Maliyet:1.503298), AYA(Lot:2784.46 Maliyet:0.18165), DAH(Lot:2307.29 Maliyet:0.219217), DBA(Lot:43281.44 Maliyet:0.046745), FYD(Lot:1880.79 Maliyet:0.537856), GBC(Lot:58947.35 Maliyet:0.034322), GMR(Lot:7067.08 Maliyet:0.071571), ;42.66;10115.95
21.06.2020 00:00:00;ACC(Lot:224.3 Maliyet:2.26038), DBA(Lot:21720 Maliyet:0.046685), FIB(Lot:31679.53 Maliyet:0.032008), GBC(Lot:29439.9 Maliyet:0.034443), NAKİT(Lot:6590.99 Maliyet:1), ;24.03;10139.98
22.06.2020 00:00:00;AAV(Lot:15445.3 Maliyet:0.032943), ACC(Lot:226.07 Maliyet:2.250741), ACK(Lot:10952.61 Maliyet:0.046456), AK3(Lot:417.46 Maliyet:2.437649), AYA(Lot:2764.26 Maliyet:0.184069), DAH(Lot:2274.51 Maliyet:0.223703), DBA(Lot:43230.69 Maliyet:0.047079), DZE(Lot:27305.7 Maliyet:0.074536), FYD(Lot:3725.05 Maliyet:0.546371), GMR(Lot:7070.8 Maliyet:0.07196), ;36.3;10176.29
23.06.2020 00:00:00;AKU(Lot:13749.13 Maliyet:0.074181), DZE(Lot:13682.17 Maliyet:0.074544), FYD(Lot:932.85 Maliyet:0.546669), GAE(Lot:28053.03 Maliyet:0.036357), NAKİT(Lot:6629.51 Maliyet:1), ;22.95;10199.24
24.06.2020 00:00:00;ADP(Lot:22548.3 Maliyet:0.090221), AK3(Lot:211.01 Maliyet:2.410226), AKU(Lot:27620.1 Maliyet:0.073654), AYA(Lot:2759.54 Maliyet:0.1843), DAH(Lot:2278.97 Maliyet:0.223163), DZE(Lot:13751.98 Maliyet:0.073965), EC2(Lot:98.23 Maliyet:5.177564), FYD(Lot:938 Maliyet:0.542198), GAE(Lot:56410.46 Maliyet:0.036063), GHS(Lot:284.47 Maliyet:1.787833), ;-27.59;10171.65
25.06.2020 00:00:00;ADP(Lot:11269.44 Maliyet:0.09005), AKU(Lot:6911.2 Maliyet:0.073418), EC2(Lot:196.31 Maliyet:5.169357), GAE(Lot:28207.27 Maliyet:0.035977), NAKİT(Lot:6596.28 Maliyet:1), ;-23.52;10148.13
26.06.2020 00:00:00;ADP(Lot:11269.44 Maliyet:0.09005), GAE(Lot:19348.89 Maliyet:0.035977), DZE(Lot:9410.63 Maliyet:0.073805), AKU(Lot:8168.47 Maliyet:0.073418), AK3(Lot:225.08 Maliyet:2.406246), FYD(Lot:1405.66 Maliyet:0.542022), NAKİT(Lot:5839.44 Maliyet:1), ;0;10148.13
29.06.2020 00:00:00;ADP(Lot:10796.19 Maliyet:0.093415), DZE(Lot:8425.47 Maliyet:0.074807), GAE(Lot:16948.5 Maliyet:0.036422), AKU(Lot:7121.6 Maliyet:0.074292), DPT(Lot:563.29 Maliyet:1.144907), NAKİT(Lot:6809.53 Maliyet:1), ;91.51;10239.64
30.06.2020 00:00:00;ADP(Lot:22027.39 Maliyet:0.092975), AK3(Lot:206.75 Maliyet:2.476427), AKU(Lot:27452.67 Maliyet:0.074601), ALC(Lot:24533.96 Maliyet:0.020869), DAH(Lot:2254.92 Maliyet:0.227059), DPT(Lot:447.2 Maliyet:1.144907), DZE(Lot:13688.54 Maliyet:0.074807), EC2(Lot:96.69 Maliyet:5.2955), GAE(Lot:55966.91 Maliyet:0.036593), GHS(Lot:280.4 Maliyet:1.825939), ;0.35;10239.98
01.07.2020 00:00:00;DAH(Lot:4430.35 Maliyet:0.228226), DPT(Lot:880.93 Maliyet:1.147794), DZE(Lot:13614.86 Maliyet:0.074266), GAE(Lot:14039.45 Maliyet:0.03601), NAKİT(Lot:6572.29 Maliyet:1), ;-128.77;10111.21
02.07.2020 00:00:00;AK3(Lot:205.35 Maliyet:2.474648), DAH(Lot:4394.93 Maliyet:0.231256), EC2(Lot:192.13 Maliyet:5.289971), FYD(Lot:1814.94 Maliyet:0.559992), NAKİT(Lot:6606.3 Maliyet:1), ;52.33;10163.54
03.07.2020 00:00:00;AK3(Lot:821.41 Maliyet:2.474648), AKU(Lot:6842.57 Maliyet:0.074267), ALC(Lot:23918.72 Maliyet:0.021246), DAH(Lot:8789.86 Maliyet:0.231256), DPT(Lot:432.93 Maliyet:1.173816), DZE(Lot:6771.54 Maliyet:0.075046), EC2(Lot:192.13 Maliyet:5.289971), FYD(Lot:3629.89 Maliyet:0.559992), GAE(Lot:13963.98 Maliyet:0.036392), GHS(Lot:278.39 Maliyet:1.825391), ;0;10163.54
06.07.2020 00:00:00;ADP(Lot:11084.88 Maliyet:0.092592), AK3(Lot:205.43 Maliyet:2.498124), EC2(Lot:193.18 Maliyet:5.312952), FYD(Lot:1808.24 Maliyet:0.567608), NAKİT(Lot:6671.42 Maliyet:1), ;100.17;10263.72
07.07.2020 00:00:00;ADP(Lot:11191.11 Maliyet:0.091762), ALC(Lot:47619.69 Maliyet:0.021565), DPT(Lot:862.31 Maliyet:1.190899), DZE(Lot:6759.33 Maliyet:0.075963), NAKİT(Lot:6674.97 Maliyet:1), ;5.47;10269.19
08.07.2020 00:00:00;AAV(Lot:14631.59 Maliyet:0.035031), AES(Lot:86230.28 Maliyet:0.008248), AFS(Lot:16800.82 Maliyet:0.030508), AK3(Lot:204.84 Maliyet:2.502198), ALC(Lot:95120.97 Maliyet:0.021554), DAH(Lot:8300.71 Maliyet:0.23614), DPT(Lot:1721.86 Maliyet:1.190709), DZE(Lot:12145 Maliyet:0.075468), FYD(Lot:899.13 Maliyet:0.570064), GMR(Lot:6551.95 Maliyet:0.07823), ;-18;10251.19
09.07.2020 00:00:00;AAV(Lot:14754.72 Maliyet:0.034191), AES(Lot:95078.07 Maliyet:0.008342), AFA(Lot:6292.22 Maliyet:0.080175), AFS(Lot:52330.84 Maliyet:0.031105), AFT(Lot:8032.2 Maliyet:0.062807), ALC(Lot:95202.61 Maliyet:0.021196), DAH(Lot:4812.2 Maliyet:0.230759), DPT(Lot:1723.03 Maliyet:1.171141), FYD(Lot:907.47 Maliyet:0.555917), GMR(Lot:6638.23 Maliyet:0.075996), ;-161.61;10089.57
10.07.2020 00:00:00;AES(Lot:241898.16 Maliyet:0.008342), AFA(Lot:6292.22 Maliyet:0.080175), AFS(Lot:64874.28 Maliyet:0.031105), AFT(Lot:8032.2 Maliyet:0.062807), ALC(Lot:95202.61 Maliyet:0.021196), AOY(Lot:5554.59 Maliyet:0.090822), DAH(Lot:2186.17 Maliyet:0.230759), DPT(Lot:861.52 Maliyet:1.171141), FYD(Lot:907.47 Maliyet:0.555917), GMR(Lot:6638.23 Maliyet:0.075996), ;0;10089.57
13.07.2020 00:00:00;AES(Lot:245248.52 Maliyet:0.008144), AFA(Lot:6274.59 Maliyet:0.079579), AFS(Lot:64224.06 Maliyet:0.031099), AFT(Lot:9192.94 Maliyet:0.06355), AK3(Lot:205.77 Maliyet:2.426575), ALC(Lot:43677 Maliyet:0.020921), AOY(Lot:22069.41 Maliyet:0.090501), DAH(Lot:2184.31 Maliyet:0.228597), FYD(Lot:905.5 Maliyet:0.551439), GHS(Lot:276.34 Maliyet:1.806922), ;-103.05;9986.52
14.07.2020 00:00:00;AES(Lot:245331.6 Maliyet:0.008306), AFA(Lot:6214.92 Maliyet:0.081969), AFS(Lot:64982.6 Maliyet:0.031358), AFT(Lot:9257.06 Maliyet:0.064387), AK3(Lot:205.54 Maliyet:2.478453), ALC(Lot:43520.79 Maliyet:0.021421), AOY(Lot:22009.94 Maliyet:0.092582), DAH(Lot:2167.52 Maliyet:0.23503), FYD(Lot:893.54 Maliyet:0.570125), GHS(Lot:274.44 Maliyet:1.856262), ;202.1;10188.62
15.07.2020 00:00:00;AES(Lot:245331.6 Maliyet:0.008306), AFA(Lot:6214.92 Maliyet:0.081969), AFS(Lot:64982.6 Maliyet:0.031358), AFT(Lot:9823.56 Maliyet:0.064387), AK3(Lot:205.54 Maliyet:2.478453), ALC(Lot:41818.01 Maliyet:0.021421), AOY(Lot:22009.94 Maliyet:0.092582), DAH(Lot:2167.52 Maliyet:0.23503), FYD(Lot:893.54 Maliyet:0.570125), GHS(Lot:274.44 Maliyet:1.856262), ;0;10188.62
16.07.2020 00:00:00;AES(Lot:243390.88 Maliyet:0.008327), AFA(Lot:6234.67 Maliyet:0.081268), AFS(Lot:66139.6 Maliyet:0.030643), AFT(Lot:9741.65 Maliyet:0.062726), AK3(Lot:203.68 Maliyet:2.487647), ALC(Lot:41838.44 Maliyet:0.021726), AOY(Lot:22061.65 Maliyet:0.091866), DAH(Lot:2142.16 Maliyet:0.236527), FYD(Lot:884.53 Maliyet:0.572821), GHS(Lot:271.68 Maliyet:1.865018), ;-55.04;10133.58
17.07.2020 00:00:00;AES(Lot:121695.44 Maliyet:0.008327), AFA(Lot:6234.67 Maliyet:0.081268), AFS(Lot:33069.8 Maliyet:0.030643), AFT(Lot:16155.31 Maliyet:0.062726), NAKİT(Lot:6586.83 Maliyet:1), ;0;10133.58
20.07.2020 00:00:00;ACC(Lot:214.98 Maliyet:2.357813), AES(Lot:244190.27 Maliyet:0.008303), AFA(Lot:12454.77 Maliyet:0.081395), AFS(Lot:65794.13 Maliyet:0.030816), AFT(Lot:32310.95 Maliyet:0.06275), AFV(Lot:10278.37 Maliyet:0.049315), AOY(Lot:5519.02 Maliyet:0.091842), DBA(Lot:9028.5 Maliyet:0.056142), FIB(Lot:15167.36 Maliyet:0.033419), GBC(Lot:13744.35 Maliyet:0.036879), ;3.98;10137.56
21.07.2020 00:00:00;ACC(Lot:216.03 Maliyet:2.357813), AES(Lot:245293.2 Maliyet:0.008306), AFA(Lot:12427.9 Maliyet:0.081969), AFS(Lot:64972.43 Maliyet:0.031358), AFT(Lot:31643.12 Maliyet:0.064387), AFV(Lot:10266.9 Maliyet:0.049611), AOY(Lot:5501.62 Maliyet:0.092582), DBA(Lot:10398.32 Maliyet:0.048984), GBC(Lot:13596.84 Maliyet:0.037461), GBG(Lot:12054.23 Maliyet:0.042255), ;49.47;10187.03
22.07.2020 00:00:00;AES(Lot:60376.15 Maliyet:0.008499), AFA(Lot:6245.2 Maliyet:0.082165), AFV(Lot:10316.38 Maliyet:0.04974), AK3(Lot:206.85 Maliyet:2.480679), AKU(Lot:27679.9 Maliyet:0.074153), ALC(Lot:96165.08 Maliyet:0.021344), FYD(Lot:895.67 Maliyet:0.572909), GAE(Lot:56474 Maliyet:0.036345), GHS(Lot:551.98 Maliyet:1.859264), GSP(Lot:13965.19 Maliyet:0.036744), ;75.71;10262.74
23.07.2020 00:00:00;AES(Lot:60761.46 Maliyet:0.008495), AFA(Lot:6261.52 Maliyet:0.082435), AFV(Lot:10410.4 Maliyet:0.049582), AK3(Lot:206.88 Maliyet:2.495009), AKU(Lot:23719.23 Maliyet:0.074725), ALC(Lot:96058.17 Maliyet:0.021494), FYD(Lot:2297.76 Maliyet:0.576471), GAE(Lot:56350.28 Maliyet:0.03664), GHS(Lot:275.99 Maliyet:1.870214), GSP(Lot:14001.21 Maliyet:0.036866), ;60.63;10323.37
24.07.2020 00:00:00;AFA(Lot:6261.52 Maliyet:0.082435), AFV(Lot:10410.4 Maliyet:0.049582), ALC(Lot:24014.54 Maliyet:0.021494), DAH(Lot:2184.62 Maliyet:0.236274), DPT(Lot:434.7 Maliyet:1.187404), DZE(Lot:27254.99 Maliyet:0.075754), FYD(Lot:3581.58 Maliyet:0.576471), GAE(Lot:56350.28 Maliyet:0.03664), GHS(Lot:551.99 Maliyet:1.870214), GSP(Lot:14001.21 Maliyet:0.036866), ;-0;10323.37
27.07.2020 00:00:00;DAH(Lot:4354.35 Maliyet:0.237663), DPT(Lot:870.13 Maliyet:1.189319), DZE(Lot:13651.89 Maliyet:0.075804), GHS(Lot:275.08 Maliyet:1.881027), NAKİT(Lot:6726.64 Maliyet:1), ;25.3;10348.68
28.07.2020 00:00:00;AES(Lot:120857.37 Maliyet:0.008468), AFS(Lot:16094.55 Maliyet:0.031794), DAH(Lot:4446.54 Maliyet:0.230161), DZE(Lot:13941.54 Maliyet:0.073408), NAKİT(Lot:6652.23 Maliyet:1), ;-114.47;10234.2
29.07.2020 00:00:00;AES(Lot:74994.6 Maliyet:0.008439), NAKİT(Lot:9568.74 Maliyet:1), ;-32.58;10201.62
30.07.2020 00:00:00;AES(Lot:120886.62 Maliyet:0.008439), DBA(Lot:19110.96 Maliyet:0.053381), FIB(Lot:27895.39 Maliyet:0.036571), GBC(Lot:12870.76 Maliyet:0.039631), NAKİT(Lot:6631.05 Maliyet:1), ;0;10201.62
31.07.2020 00:00:00;AES(Lot:110500.95 Maliyet:0.009474), DBA(Lot:18647.11 Maliyet:0.056142), FIB(Lot:27167.85 Maliyet:0.038534), GBC(Lot:12368.98 Maliyet:0.042319), NAKİT(Lot:6804.76 Maliyet:1), ;267.24;10468.86
04.08.2020 00:00:00;AES(Lot:59994.83 Maliyet:0.008525), DBA(Lot:19294.4 Maliyet:0.053016), FIB(Lot:27777.65 Maliyet:0.036825), GBC(Lot:25649.1 Maliyet:0.039881), NAKİT(Lot:6648.93 Maliyet:1), ;-239.74;10229.12
05.08.2020 00:00:00;AAL(Lot:858.5 Maliyet:0.603351), ACC(Lot:219.57 Maliyet:2.359071), ADE(Lot:5808.96 Maliyet:0.178338), AES(Lot:60020.8 Maliyet:0.00863), AFS(Lot:16050.93 Maliyet:0.032271), DBA(Lot:37106.54 Maliyet:0.055837), DBH(Lot:16033.54 Maliyet:0.032306), FIB(Lot:54170.62 Maliyet:0.038248), GBC(Lot:50461.97 Maliyet:0.041059), GMR(Lot:6846.51 Maliyet:0.075656), ;130.47;10359.59
06.08.2020 00:00:00;AAL(Lot:872.77 Maliyet:0.603474), ACC(Lot:229.36 Maliyet:2.296372), ADE(Lot:2952.77 Maliyet:0.178373), AES(Lot:59513.42 Maliyet:0.00885), AFS(Lot:15977.85 Maliyet:0.032964), DBA(Lot:18291.15 Maliyet:0.05759), FIB(Lot:53302.34 Maliyet:0.039525), GBC(Lot:49929.5 Maliyet:0.042195), GBG(Lot:11852.06 Maliyet:0.044439), HBF(Lot:540.82 Maliyet:3.895485), ;174.29;10533.88
07.08.2020 00:00:00;AES(Lot:59101.01 Maliyet:0.00909), AFA(Lot:6023.75 Maliyet:0.089185), AFO(Lot:19855.61 Maliyet:0.108227), AFS(Lot:15997.03 Maliyet:0.033583), AFV(Lot:10370.8 Maliyet:0.051802), AOY(Lot:5453.93 Maliyet:0.098503), DBA(Lot:27442.2 Maliyet:0.058691), FIB(Lot:53358.64 Maliyet:0.040273), GBC(Lot:37824.45 Maliyet:0.042638), GBG(Lot:11903.75 Maliyet:0.045131), ;210.69;10744.56
10.08.2020 00:00:00;AFA(Lot:6023.75 Maliyet:0.089185), AFO(Lot:19855.61 Maliyet:0.108227), AFS(Lot:15997.03 Maliyet:0.033583), AFT(Lot:7777.01 Maliyet:0.069079), AFV(Lot:10370.8 Maliyet:0.051802), AOY(Lot:5453.93 Maliyet:0.098503), DBA(Lot:13598.44 Maliyet:0.058691), FIB(Lot:53358.64 Maliyet:0.040273), GBC(Lot:36486.36 Maliyet:0.042638), GBG(Lot:31168.78 Maliyet:0.045131), NAKİT(Lot:0.11 Maliyet:1), ;0;10744.56
11.08.2020 00:00:00;AES(Lot:112833.55 Maliyet:0.009312), AFA(Lot:11646.43 Maliyet:0.090217), AFS(Lot:15348.63 Maliyet:0.034228), AFT(Lot:15110.03 Maliyet:0.069537), NAKİT(Lot:6829.59 Maliyet:1), ;-237.5;10507.06
12.08.2020 00:00:00;AES(Lot:112833.55 Maliyet:0.009312), AFA(Lot:11646.43 Maliyet:0.090217), AFS(Lot:15348.63 Maliyet:0.034228), AFT(Lot:15110.03 Maliyet:0.069537), NAKİT(Lot:6829.59 Maliyet:1), ;0;10507.06
13.08.2020 00:00:00;AES(Lot:112833.55 Maliyet:0.009312), AFA(Lot:11646.43 Maliyet:0.090217), AFS(Lot:15348.63 Maliyet:0.034228), AFT(Lot:15110.03 Maliyet:0.069537), NAKİT(Lot:6829.59 Maliyet:1), ;0;10507.06
14.08.2020 00:00:00;ADP(Lot:6666.75 Maliyet:0.078802), AES(Lot:225667.11 Maliyet:0.009312), AFA(Lot:23209.01 Maliyet:0.090217), AFS(Lot:15348.63 Maliyet:0.034228), AFT(Lot:7555.01 Maliyet:0.069537), AFV(Lot:19856.86 Maliyet:0.053295), ALC(Lot:25193.16 Maliyet:0.020853), AOY(Lot:5221.57 Maliyet:0.100612), DPT(Lot:456.74 Maliyet:1.150235), GBG(Lot:45303.7 Maliyet:0.046385), ;0;10507.06
17.08.2020 00:00:00;ADP(Lot:6754.44 Maliyet:0.078227), AES(Lot:223086.02 Maliyet:0.009474), AFA(Lot:23023.99 Maliyet:0.091117), AFS(Lot:15239.36 Maliyet:0.034672), AFT(Lot:7462.67 Maliyet:0.070803), AFV(Lot:20152.18 Maliyet:0.053215), ALC(Lot:25665.67 Maliyet:0.020587), AOY(Lot:5213.1 Maliyet:0.101356), DPT(Lot:465.46 Maliyet:1.135183), GBG(Lot:45525.41 Maliyet:0.046425), ;60.52;10567.58
18.08.2020 00:00:00;ADP(Lot:12644.18 Maliyet:0.078227), AES(Lot:68018.37 Maliyet:0.009474), NAKİT(Lot:8934.06 Maliyet:1), ;0;10567.58
20.08.2020 00:00:00;ADP(Lot:9890.06 Maliyet:0.081195), AES(Lot:67361.4 Maliyet:0.009422), NAKİT(Lot:9163.87 Maliyet:1), ;33.99;10601.58
21.08.2020 00:00:00;ADP(Lot:9889.83 Maliyet:0.081195), AES(Lot:67361.58 Maliyet:0.009422), NAKİT(Lot:9163.89 Maliyet:1), ;0;10601.58
24.08.2020 00:00:00;ADP(Lot:9890.25 Maliyet:0.081195), AES(Lot:67361.14 Maliyet:0.009422), NAKİT(Lot:9163.86 Maliyet:1), ;0;10601.58
25.08.2020 00:00:00;ADP(Lot:13402.62 Maliyet:0.078884), AES(Lot:113317.5 Maliyet:0.00933), AKU(Lot:7518.18 Maliyet:0.070313), GAE(Lot:30863.27 Maliyet:0.034256), NAKİT(Lot:6872.14 Maliyet:1), ;-29.05;10572.52
26.08.2020 00:00:00;ADP(Lot:13380.55 Maliyet:0.078884), AES(Lot:113130.93 Maliyet:0.00933), AKU(Lot:7505.81 Maliyet:0.070313), GAE(Lot:31328.25 Maliyet:0.033692), NAKİT(Lot:6860.83 Maliyet:1), ;-17.41;10555.12
27.08.2020 00:00:00;AES(Lot:110803.66 Maliyet:0.00954), AKU(Lot:15183.38 Maliyet:0.06962), DZE(Lot:14999.39 Maliyet:0.070474), GAE(Lot:15572.58 Maliyet:0.03394), NAKİT(Lot:6870.94 Maliyet:1), ;15.55;10570.67
28.08.2020 00:00:00;ADP(Lot:13366.06 Maliyet:0.07918), AK3(Lot:228.49 Maliyet:2.315938), AKU(Lot:15103.61 Maliyet:0.070071), GAE(Lot:30964.19 Maliyet:0.034179), NAKİT(Lot:6879.11 Maliyet:1), ;12.58;10583.25
31.08.2020 00:00:00;ADP(Lot:13444.35 Maliyet:0.078457), AKU(Lot:15189.05 Maliyet:0.069445), GAE(Lot:15593.91 Maliyet:0.033821), HBU(Lot:10905.86 Maliyet:0.096719), NAKİT(Lot:6856.22 Maliyet:1), ;-35.21;10548.03
01.09.2020 00:00:00;ADP(Lot:13618.06 Maliyet:0.076838), AK3(Lot:463.93 Maliyet:2.255478), AKU(Lot:15419.3 Maliyet:0.067862), ALC(Lot:25371.82 Maliyet:0.020621), NAKİT(Lot:6801.5 Maliyet:1), ;-84.19;10463.84
02.09.2020 00:00:00;AFA(Lot:22304.95 Maliyet:0.09411), AFS(Lot:14988.56 Maliyet:0.035012), AFT(Lot:28113.82 Maliyet:0.074665), AK3(Lot:231.11 Maliyet:2.270648), AKU(Lot:15354.54 Maliyet:0.068355), ALC(Lot:25469.79 Maliyet:0.020604), AOY(Lot:5110.78 Maliyet:0.102681), DAH(Lot:9556.87 Maliyet:0.219645), EID(Lot:5709.53 Maliyet:0.091913), GMR(Lot:7029.02 Maliyet:0.074659), ;31.75;10495.59
03.09.2020 00:00:00;AFA(Lot:5543.52 Maliyet:0.094963), AFS(Lot:30039.63 Maliyet:0.035049), AFT(Lot:13795.87 Maliyet:0.076317), AOY(Lot:10215.09 Maliyet:0.103069), NAKİT(Lot:6843.58 Maliyet:1), ;33;10528.59
04.09.2020 00:00:00;AFS(Lot:30139.62 Maliyet:0.035029), AFT(Lot:13712.96 Maliyet:0.07699), AOY(Lot:5066.81 Maliyet:0.104184), GBC(Lot:24734.92 Maliyet:0.042683), NAKİT(Lot:6862.44 Maliyet:1), ;29.02;10557.61
